<!doctype html public "-//W3C//DTD HTML 4.0//EN">
<html><head><title>
JMP Report
</title><style>
body { font-family: Arial, sans-serif; font-size: 12px; padding: 0; margin: 10px; }
table { border-color: #a9a9a9; border-collapse: collapse; }
td,th { border-color: #a9a9a9; }
img { border: 1px solid #a9a9a9; }
h1,h2,h3,h4,h5 { padding: 0; margin: 5px 0px; }
</style>
</head><body>

<h2>Multivariate </h2>

<h3>Correlations</h3>

<table border=1 cellpadding=2 cellspacing=1>
<tr style="vertical-align:top" align=right><th align=left></th><th>%Fat</th><th>Age</th><th>Weight</th><th>Height</th><th>BMI</th><th>Neck</th><th>Chest</th><th>Abdomen</th><th>Hip</th><th>Thigh</th><th>Knee</th><th>Ankle</th><th>Biceps</th><th>Forearm</th><th>Wrist</th></tr>
<tr style="vertical-align:top" align=right><td style="text-align:left">%Fat</td><td><font COLOR="#0000b4">1.0000</td><td><font COLOR="#555589">0.2915</td><td><font COLOR="#2e2e9c">0.6124</td><td><font COLOR="#827173">-0.0895</td><td><font COLOR="#4b4b8e">0.3714</td><td><font COLOR="#3d3d95">0.4906</td><td><font COLOR="#2323a2">0.7026</td><td><font COLOR="#1616a8">0.8134</td><td><font COLOR="#2c2c9d">0.6252</td><td><font COLOR="#343499">0.5596</td><td><font COLOR="#3a3a96">0.5087</td><td><font COLOR="#585887">0.2660</td><td><font COLOR="#3c3c95">0.4933</td><td><font COLOR="#4c4c8d">0.3614</td><td><font COLOR="#4e4e8c">0.3466</td></tr>
<tr style="vertical-align:top" align=right><td style="text-align:left">Age</td><td><font COLOR="#555589">0.2915</td><td><font COLOR="#0000b4">1.0000</td><td><font COLOR="#797777">-0.0127</td><td><font COLOR="#8c6b6f">-0.1716</td><td><font COLOR="#73737a">0.0399</td><td><font COLOR="#6a6a7e">0.1135</td><td><font COLOR="#626282">0.1764</td><td><font COLOR="#5c5c85">0.2304</td><td><font COLOR="#7e7475">-0.0503</td><td><font COLOR="#90696d">-0.2001</td><td><font COLOR="#757579">0.0175</td><td><font COLOR="#847072">-0.1051</td><td><font COLOR="#7c7575">-0.0412</td><td><font COLOR="#827273">-0.0851</td><td><font COLOR="#5e5e84">0.2135</td></tr>
<tr style="vertical-align:top" align=right><td style="text-align:left">Weight</td><td><font COLOR="#2e2e9c">0.6124</td><td><font COLOR="#797777">-0.0127</td><td><font COLOR="#0000b4">1.0000</td><td><font COLOR="#53538a">0.3083</td><td><font COLOR="#49498f">0.3906</td><td><font COLOR="#1414a9">0.8307</td><td><font COLOR="#0c0cad">0.8942</td><td><font COLOR="#0d0dad">0.8880</td><td><font COLOR="#0707b0">0.9409</td><td><font COLOR="#0f0fac">0.8687</td><td><font COLOR="#1111ab">0.8532</td><td><font COLOR="#2e2e9c">0.6137</td><td><font COLOR="#1717a8">0.8004</td><td><font COLOR="#2c2c9d">0.6303</td><td><font COLOR="#2020a3">0.7298</td></tr>
<tr style="vertical-align:top" align=right><td style="text-align:left">Height</td><td><font COLOR="#827173">-0.0895</td><td><font COLOR="#8c6b6f">-0.1716</td><td><font COLOR="#53538a">0.3083</td><td><font COLOR="#0000b4">1.0000</td><td><font COLOR="#c44b58">-0.6380</td><td><font COLOR="#595987">0.2537</td><td><font COLOR="#676780">0.1349</td><td><font COLOR="#6d6d7d">0.0878</td><td><font COLOR="#636382">0.1704</td><td><font COLOR="#666680">0.1484</td><td><font COLOR="#555589">0.2861</td><td><font COLOR="#585887">0.2647</td><td><font COLOR="#5f5f84">0.2078</td><td><font COLOR="#5c5c85">0.2286</td><td><font COLOR="#51518b">0.3221</td></tr>
<tr style="vertical-align:top" align=right><td style="text-align:left">BMI</td><td><font COLOR="#4b4b8e">0.3714</td><td><font COLOR="#73737a">0.0399</td><td><font COLOR="#49498f">0.3906</td><td><font COLOR="#c44b58">-0.6380</td><td><font COLOR="#0000b4">1.0000</td><td><font COLOR="#585887">0.2663</td><td><font COLOR="#49498f">0.3834</td><td><font COLOR="#464690">0.4149</td><td><font COLOR="#404093">0.4620</td><td><font COLOR="#444491">0.4328</td><td><font COLOR="#4c4c8d">0.3641</td><td><font COLOR="#5e5e84">0.2103</td><td><font COLOR="#52528a">0.3109</td><td><font COLOR="#5e5e84">0.2152</td><td><font COLOR="#616183">0.1902</td></tr>
<tr style="vertical-align:top" align=right><td style="text-align:left">Neck</td><td><font COLOR="#3d3d95">0.4906</td><td><font COLOR="#6a6a7e">0.1135</td><td><font COLOR="#1414a9">0.8307</td><td><font COLOR="#595987">0.2537</td><td><font COLOR="#585887">0.2663</td><td><font COLOR="#0000b4">1.0000</td><td><font COLOR="#1919a7">0.7848</td><td><font COLOR="#1d1da5">0.7541</td><td><font COLOR="#1f1fa4">0.7350</td><td><font COLOR="#2424a1">0.6957</td><td><font COLOR="#2727a0">0.6724</td><td><font COLOR="#3e3e94">0.4779</td><td><font COLOR="#2020a3">0.7311</td><td><font COLOR="#2d2d9d">0.6237</td><td><font COLOR="#1e1ea4">0.7448</td></tr>
<tr style="vertical-align:top" align=right><td style="text-align:left">Chest</td><td><font COLOR="#2323a2">0.7026</td><td><font COLOR="#626282">0.1764</td><td><font COLOR="#0c0cad">0.8942</td><td><font COLOR="#676780">0.1349</td><td><font COLOR="#49498f">0.3834</td><td><font COLOR="#1919a7">0.7848</td><td><font COLOR="#0000b4">1.0000</td><td><font COLOR="#0a0aae">0.9158</td><td><font COLOR="#1414a9">0.8294</td><td><font COLOR="#2020a3">0.7299</td><td><font COLOR="#2121a3">0.7195</td><td><font COLOR="#3e3e94">0.4830</td><td><font COLOR="#2020a3">0.7279</td><td><font COLOR="#32329a">0.5802</td><td><font COLOR="#28289f">0.6602</td></tr>
<tr style="vertical-align:top" align=right><td style="text-align:left">Abdomen</td><td><font COLOR="#1616a8">0.8134</td><td><font COLOR="#5c5c85">0.2304</td><td><font COLOR="#0d0dad">0.8880</td><td><font COLOR="#6d6d7d">0.0878</td><td><font COLOR="#464690">0.4149</td><td><font COLOR="#1d1da5">0.7541</td><td><font COLOR="#0a0aae">0.9158</td><td><font COLOR="#0000b4">1.0000</td><td><font COLOR="#0f0fac">0.8741</td><td><font COLOR="#1c1ca5">0.7666</td><td><font COLOR="#1f1fa4">0.7372</td><td><font COLOR="#414193">0.4532</td><td><font COLOR="#2525a1">0.6850</td><td><font COLOR="#3b3b96">0.5033</td><td><font COLOR="#2d2d9d">0.6198</td></tr>
<tr style="vertical-align:top" align=right><td style="text-align:left">Hip</td><td><font COLOR="#2c2c9d">0.6252</td><td><font COLOR="#7e7475">-0.0503</td><td><font COLOR="#0707b0">0.9409</td><td><font COLOR="#636382">0.1704</td><td><font COLOR="#404093">0.4620</td><td><font COLOR="#1f1fa4">0.7350</td><td><font COLOR="#1414a9">0.8294</td><td><font COLOR="#0f0fac">0.8741</td><td><font COLOR="#0000b4">1.0000</td><td><font COLOR="#0c0cad">0.8964</td><td><font COLOR="#1515a9">0.8235</td><td><font COLOR="#343499">0.5584</td><td><font COLOR="#1f1fa4">0.7393</td><td><font COLOR="#363698">0.5450</td><td><font COLOR="#2c2c9d">0.6301</td></tr>
<tr style="vertical-align:top" align=right><td style="text-align:left">Thigh</td><td><font COLOR="#343499">0.5596</td><td><font COLOR="#90696d">-0.2001</td><td><font COLOR="#0f0fac">0.8687</td><td><font COLOR="#666680">0.1484</td><td><font COLOR="#444491">0.4328</td><td><font COLOR="#2424a1">0.6957</td><td><font COLOR="#2020a3">0.7299</td><td><font COLOR="#1c1ca5">0.7666</td><td><font COLOR="#0c0cad">0.8964</td><td><font COLOR="#0000b4">1.0000</td><td><font COLOR="#1818a7">0.7992</td><td><font COLOR="#373798">0.5398</td><td><font COLOR="#1c1ca5">0.7615</td><td><font COLOR="#33339a">0.5668</td><td><font COLOR="#343499">0.5587</td></tr>
<tr style="vertical-align:top" align=right><td style="text-align:left">Knee</td><td><font COLOR="#3a3a96">0.5087</td><td><font COLOR="#757579">0.0175</td><td><font COLOR="#1111ab">0.8532</td><td><font COLOR="#555589">0.2861</td><td><font COLOR="#4c4c8d">0.3641</td><td><font COLOR="#2727a0">0.6724</td><td><font COLOR="#2121a3">0.7195</td><td><font COLOR="#1f1fa4">0.7372</td><td><font COLOR="#1515a9">0.8235</td><td><font COLOR="#1818a7">0.7992</td><td><font COLOR="#0000b4">1.0000</td><td><font COLOR="#2e2e9c">0.6116</td><td><font COLOR="#2626a0">0.6787</td><td><font COLOR="#353599">0.5559</td><td><font COLOR="#28289f">0.6645</td></tr>
<tr style="vertical-align:top" align=right><td style="text-align:left">Ankle</td><td><font COLOR="#585887">0.2660</td><td><font COLOR="#847072">-0.1051</td><td><font COLOR="#2e2e9c">0.6137</td><td><font COLOR="#585887">0.2647</td><td><font COLOR="#5e5e84">0.2103</td><td><font COLOR="#3e3e94">0.4779</td><td><font COLOR="#3e3e94">0.4830</td><td><font COLOR="#414193">0.4532</td><td><font COLOR="#343499">0.5584</td><td><font COLOR="#373798">0.5398</td><td><font COLOR="#2e2e9c">0.6116</td><td><font COLOR="#0000b4">1.0000</td><td><font COLOR="#3d3d95">0.4849</td><td><font COLOR="#454591">0.4190</td><td><font COLOR="#343499">0.5662</td></tr>
<tr style="vertical-align:top" align=right><td style="text-align:left">Biceps</td><td><font COLOR="#3c3c95">0.4933</td><td><font COLOR="#7c7575">-0.0412</td><td><font COLOR="#1717a8">0.8004</td><td><font COLOR="#5f5f84">0.2078</td><td><font COLOR="#52528a">0.3109</td><td><font COLOR="#2020a3">0.7311</td><td><font COLOR="#2020a3">0.7279</td><td><font COLOR="#2525a1">0.6850</td><td><font COLOR="#1f1fa4">0.7393</td><td><font COLOR="#1c1ca5">0.7615</td><td><font COLOR="#2626a0">0.6787</td><td><font COLOR="#3d3d95">0.4849</td><td><font COLOR="#0000b4">1.0000</td><td><font COLOR="#2626a0">0.6783</td><td><font COLOR="#2c2c9d">0.6321</td></tr>
<tr style="vertical-align:top" align=right><td style="text-align:left">Forearm</td><td><font COLOR="#4c4c8d">0.3614</td><td><font COLOR="#827273">-0.0851</td><td><font COLOR="#2c2c9d">0.6303</td><td><font COLOR="#5c5c85">0.2286</td><td><font COLOR="#5e5e84">0.2152</td><td><font COLOR="#2d2d9d">0.6237</td><td><font COLOR="#32329a">0.5802</td><td><font COLOR="#3b3b96">0.5033</td><td><font COLOR="#363698">0.5450</td><td><font COLOR="#33339a">0.5668</td><td><font COLOR="#353599">0.5559</td><td><font COLOR="#454591">0.4190</td><td><font COLOR="#2626a0">0.6783</td><td><font COLOR="#0000b4">1.0000</td><td><font COLOR="#31319b">0.5856</td></tr>
<tr style="vertical-align:top" align=right><td style="text-align:left">Wrist</td><td><font COLOR="#4e4e8c">0.3466</td><td><font COLOR="#5e5e84">0.2135</td><td><font COLOR="#2020a3">0.7298</td><td><font COLOR="#51518b">0.3221</td><td><font COLOR="#616183">0.1902</td><td><font COLOR="#1e1ea4">0.7448</td><td><font COLOR="#28289f">0.6602</td><td><font COLOR="#2d2d9d">0.6198</td><td><font COLOR="#2c2c9d">0.6301</td><td><font COLOR="#343499">0.5587</td><td><font COLOR="#28289f">0.6645</td><td><font COLOR="#343499">0.5662</td><td><font COLOR="#2c2c9d">0.6321</td><td><font COLOR="#31319b">0.5856</td><td><font COLOR="#0000b4">1.0000</td></tr>
</table><br>
<span style="font-size:13pt">The correlations are estimated by Row-wise method.</span><br>
<br>
<br>
<br>
<br>
<br>
<br>

<h3>Scatterplot Matrix</h3>
<img src="gfx/image3702825664gC9jc6.png" width=1056 height=1052><br>
<br>

</body></html>